11111
2222
333311111
2222
333311111
2222
333311111
2222
333311111
2222
333311111
2222
333311111
2222
333311111
2222
333311111
2222
333311111
2222
333311111
2222
333311111
2222
333311111
2222
333311111
2222
333311111
2222
333311111
2222
333311111
2222
333311111
2222
333311111
2222
333311111
2222
333311111
2222
333311111
2222
333311111
2222
333311111
2222
333311111
2222
333311111
2222
333311111
2222
333311111
2222
333311111
2222
333311111
2222
333311111
2222
333311111
2222
333311111
2222
333311111
2222
333311111
2222
333311111
2222
333311111
2222
333311111
2222
333311111
2222
333311111
2222
333311111
2222
333311111
2222
333311111
2222
333311111
2222
333311111
2222
333311111
2222
333311111
2222
333311111
2222
333311111
2222
333311111
2222
333311111
2222
333311111
2222
333311111
2222
333311111
2222
333311111
2222
333311111
2222
333311111
2222
333311111
2222
333311111
2222
333311111
2222
333311111
2222
333311111
2222
333311111
2222
333311111
2222
333311111
2222
333311111
2222
333311111
2222
333311111
2222
333311111
2222
333311111
2222
333311111
2222
333311111
2222
333311111
2222
333311111
2222
333311111
2222
333311111
2222
333311111
2222
333311111
2222
333311111
2222
333311111
2222
333311111
2222
333311111
2222
333311111
2222
333311111
2222
333311111
2222
333311111
2222
333311111
2222
333311111
2222
333311111
2222
333311111
2222
333311111
2222
333311111
2222
333311111
2222
333311111
2222
333311111
2222
333311111
2222
333311111
2222
333311111
2222
333311111
2222
333311111
2222
333311111
2222
333311111
2222
333311111
2222
333311111
2222
333311111
2222
333311111
2222
333311111
2222
333311111
2222
333311111
2222
333311111
2222
333311111
2222
3333
qwert
qwert
qwert
